>> time_matrix

time_matrix(:,:,1) =

    0.0907    0.0201    0.0376    0.0391    0.1190
    0.0913    0.0190    0.0367    0.0376    0.1189
    0.0889    0.0194    0.0366    0.0385    0.1188
    0.0922    0.0197    0.0357    0.0391    0.1184
    0.0951    0.0191    0.0354    0.0382    0.1193
    0.0915    0.0187    0.0364    0.0379    0.1195
    0.0939    0.0186    0.0357    0.0377    0.1198
    0.0924    0.0190    0.0358    0.0381    0.1189
    0.0917    0.0192    0.0358    0.0384    0.1201
    0.0940    0.0187    0.0355    0.0381    0.1208
    0.0892    0.0186    0.0351    0.0378    0.1198
    0.0888    0.0190    0.0353    0.0378    0.1190
    0.0911    0.0187    0.0356    0.0382    0.1194
    0.0914    0.0192    0.0359    0.0379    0.1210
    0.0920    0.0186    0.0352    0.0377    0.1199
    0.0930    0.0186    0.0359    0.0376    0.1184
    0.0944    0.0187    0.0359    0.0378    0.1201
    0.0940    0.0189    0.0354    0.0377    0.1188
    0.0886    0.0187    0.0356    0.0383    0.1190
    0.0915    0.0188    0.0353    0.0386    0.1181
    0.0884    0.0191    0.0356    0.0378    0.1206
    0.0892    0.0195    0.0352    0.0386    0.1196
    0.0920    0.0188    0.0353    0.0384    0.1242
    0.0931    0.0187    0.0357    0.0384    0.1197
    0.0928    0.0188    0.0355    0.0385    0.1193
    0.0897    0.0188    0.0363    0.0383    0.1205
    0.0909    0.0192    0.0354    0.0376    0.1196
    0.0910    0.0187    0.0368    0.0379    0.1216
    0.0893    0.0187    0.0377    0.0376    0.1195
    0.0921    0.0188    0.0364    0.0382    0.1191
    0.0909    0.0186    0.0355    0.0378    0.1209


time_matrix(:,:,2) =

    0.1825    0.0436    0.0920    0.1048    0.2256
    0.1674    0.0304    0.0926    0.1047    0.2156
    0.1746    0.0302    0.0921    0.1036    0.2155
    0.1593    0.0306    0.0916    0.0948    0.2159
    0.1697    0.0302    0.0926    0.0953    0.2167
    0.1735    0.0303    0.0937    0.0967    0.2174
    0.2216    0.0304    0.0923    0.0975    0.2188
    0.1637    0.0302    0.0927    0.0952    0.2182
    0.1638    0.0305    0.0927    0.0952    0.2190
    0.1835    0.0302    0.0967    0.0944    0.2185
    0.1592    0.0302    0.0920    0.0949    0.2182
    0.1834    0.0303    0.1029    0.0944    0.2182
    0.1847    0.0427    0.1379    0.0947    0.2183
    0.2135    0.0372    0.0920    0.0965    0.2192
    0.1580    0.0303    0.0922    0.0967    0.2189
    0.1573    0.0519    0.0923    0.0962    0.2185
    0.1940    0.0518    0.1037    0.0951    0.2183
    0.1637    0.0317    0.0924    0.0962    0.2186
    0.1590    0.0302    0.0921    0.0950    0.2181
    0.1739    0.0301    0.0924    0.0978    0.2185
    0.1595    0.0305    0.1101    0.0948    0.2194
    0.1587    0.0302    0.1142    0.0945    0.2187
    0.1598    0.0303    0.1220    0.0959    0.2194
    0.1586    0.0302    0.1313    0.0951    0.2189
    0.1607    0.0301    0.0925    0.0950    0.2195
    0.1586    0.0302    0.0924    0.0963    0.2149
    0.1588    0.0316    0.0920    0.0959    0.2149
    0.1583    0.0302    0.1327    0.0969    0.2156
    0.1846    0.0301    0.0925    0.0952    0.2144
    0.1843    0.0301    0.0966    0.0963    0.2147
    0.1633    0.0301    0.0917    0.0959    0.2142


time_matrix(:,:,3) =

    0.2012    0.0420    0.1251    0.1485    0.2360
    0.2039    0.0401    0.1248    0.1216    0.2303
    0.2019    0.0579    0.1424    0.1190    0.2313
    0.2025    0.0421    0.1476    0.1176    0.2309
    0.2039    0.0343    0.1260    0.1177    0.2315
    0.2073    0.0353    0.1848    0.1199    0.2295
    0.2112    0.0345    0.1367    0.1193    0.2296
    0.2021    0.0344    0.1467    0.1178    0.2300
    0.2033    0.0347    0.1253    0.1189    0.2311
    0.2491    0.0348    0.1439    0.1188    0.2358
    0.2579    0.0345    0.1369    0.1184    0.2293
    0.2298    0.0355    0.1250    0.1177    0.2303
    0.2005    0.0345    0.1264    0.1175    0.2290
    0.2155    0.0347    0.1613    0.1176    0.2300
    0.2266    0.0344    0.1245    0.1201    0.2290
    0.2667    0.0345    0.1242    0.1180    0.2295
    0.2838    0.0344    0.1245    0.1174    0.2295
    0.2257    0.0348    0.1249    0.1196    0.2293
    0.2256    0.0525    0.1245    0.1178    0.2293
    0.2122    0.0415    0.1242    0.1195    0.2288
    0.2017    0.0343    0.1245    0.1183    0.2296
    0.2171    0.0345    0.1251    0.1189    0.2308
    0.2060    0.0343    0.1250    0.1209    0.2294
    0.2138    0.0343    0.1247    0.1194    0.2295
    0.2129    0.0344    0.1364    0.1211    0.2299
    0.2017    0.0345    0.1250    0.1185    0.2287
    0.2006    0.0345    0.1246    0.1178    0.2299
    0.2462    0.0343    0.1246    0.1193    0.2285
    0.2601    0.0343    0.1250    0.1191    0.2290
    0.2579    0.0344    0.1248    0.1188    0.2294
    0.2297    0.0344    0.1249    0.1181    0.2303


time_matrix(:,:,4) =

    0.2250    0.0372    0.1527    0.1475    0.2466
    0.2277    0.0378    0.1528    0.1407    0.2405
    0.2759    0.0387    0.1541    0.1351    0.2410
    0.2450    0.0446    0.1530    0.1374    0.2418
    0.2258    0.0377    0.1511    0.1368    0.2413
    0.2810    0.0371    0.1561    0.1350    0.2402
    0.2911    0.0373    0.1629    0.1393    0.2421
    0.2246    0.0371    0.1785    0.1331    0.2412
    0.2250    0.0499    0.2137    0.1336    0.2436
    0.2798    0.0389    0.1845    0.1365    0.2387
    0.2322    0.0372    0.1526    0.1389    0.2395
    0.2246    0.0372    0.1514    0.1436    0.2399
    0.2741    0.0400    0.1619    0.1395    0.2386
    0.2686    0.0373    0.1907    0.1390    0.2381
    0.2634    0.0370    0.1507    0.1341    0.2396
    0.2682    0.0369    0.1924    0.1357    0.2405
    0.2250    0.0369    0.1907    0.1354    0.2390
    0.2426    0.0371    0.1555    0.1339    0.2438
    0.2522    0.0368    0.1508    0.1340    0.2401
    0.2297    0.0370    0.1585    0.1359    0.2412
    0.2297    0.0370    0.1544    0.1338    0.2398
    0.2371    0.0369    0.1873    0.1355    0.2394
    0.2290    0.0372    0.1827    0.1339    0.2398
    0.2537    0.0372    0.1874    0.1332    0.2399
    0.2250    0.0378    0.1522    0.1333    0.2391
    0.2245    0.0378    0.1521    0.1333    0.2407
    0.2550    0.0372    0.1539    0.1350    0.2394
    0.2476    0.0373    0.1522    0.1332    0.2393
    0.2308    0.0375    0.2296    0.1340    0.2405
    0.2311    0.0381    0.1797    0.1334    0.2392
    0.2272    0.0375    0.1530    0.1329    0.2388


time_matrix(:,:,5) =

    0.8390    0.0718    0.7197    0.3666    1.2747
    0.8766    0.0716    0.7095    0.3357    1.2770
    0.8308    0.0726    0.7111    0.3347    1.2851
    0.8291    0.0747    0.7232    0.3362    1.2799
    0.8040    0.0728    0.7046    0.3444    1.2908
    0.8425    0.0714    0.7257    0.3363    1.2879
    0.8474    0.0716    0.7496    0.3409    1.2768
    0.8369    0.0899    0.7571    0.3364    1.2966
    0.8974    0.0928    0.7044    0.3363    1.2902
    0.8319    0.0723    0.7766    0.3350    1.2906
    0.8691    0.0726    0.8693    0.3377    1.2998
    1.0064    0.0725    0.7189    0.3357    1.2911
    0.8679    0.1076    0.8302    0.3386    1.2904
    0.8176    0.0722    0.8346    0.3361    1.2900
    0.8068    0.0716    0.7282    0.3358    1.2957
    0.8321    0.0740    0.7912    0.3358    1.2903
    0.8288    0.0722    0.7437    0.3413    1.3007
    0.8835    0.1015    0.7273    0.3342    1.2877
    0.8194    0.1146    0.7283    0.3366    1.2858
    0.8119    0.0913    0.7406    0.3348    1.2863
    0.8726    0.0779    0.7381    0.3328    1.2891
    0.9345    0.0724    0.7087    0.3336    1.2968
    0.8273    0.1040    0.7378    0.3340    1.2943
    0.7956    0.1140    0.7478    0.3451    1.3141
    0.8023    0.1136    0.8000    0.3428    1.2950
    0.8346    0.1140    0.7466    0.3362    1.2963
    0.8261    0.0767    0.7766    0.3341    1.2977
    0.7983    0.0744    0.7696    0.3358    1.3014
    0.8143    0.0727    0.7398    0.3361    1.2898
    0.8265    0.0726    0.7300    0.3334    1.2847
    0.8276    0.0917    0.7458    0.3341    1.2927


time_matrix(:,:,6) =

    1.2366    0.1095    1.0772    0.4012    1.4487
    1.1736    0.0806    1.1139    0.3633    1.4534
    1.2144    0.0796    1.1251    0.3661    1.4595
    1.2123    0.0801    1.0785    0.3670    1.4730
    1.1811    0.0807    1.0955    0.3633    1.4578
    1.1789    0.0805    1.0823    0.3637    1.4640
    1.1755    0.1088    1.1098    0.3642    1.4641
    1.1945    0.0796    1.1392    0.3624    1.4626
    1.2072    0.0799    1.1428    0.3644    1.4631
    1.1618    0.0797    1.1027    0.3632    1.4637
    1.2733    0.0798    1.1157    0.3643    1.4687
    1.1759    0.0797    1.1385    0.3629    1.4713
    1.2359    0.1040    1.1784    0.3693    1.4640
    1.1828    0.1239    1.1002    0.3630    1.4646
    1.1868    0.1239    1.1242    0.3631    1.4685
    1.2685    0.1148    1.1139    0.3663    1.4624
    1.1764    0.0796    1.1197    0.3646    1.4809
    1.1868    0.0796    1.0984    0.3698    1.4647
    1.2528    0.0799    1.1099    0.3631    1.4640
    1.1730    0.0797    1.1250    0.3632    1.4616
    1.2058    0.0797    1.0946    0.3625    1.4605
    1.2122    0.1044    1.0894    0.3657    1.4651
    1.2069    0.0806    1.1605    0.3664    1.4682
    1.2023    0.0804    1.1023    0.3651    1.4650
    1.1941    0.0801    1.1423    0.3663    1.4720
    1.2359    0.0811    1.1448    0.3631    1.4588
    1.1894    0.0805    1.1464    0.3649    1.4535
    1.2332    0.0856    1.1108    0.3662    1.4658
    1.2336    0.0809    1.1539    0.3664    1.4622
    1.1833    0.0813    1.1221    0.3648    1.4603
    1.2449    0.0810    1.1546    0.3656    1.4607


time_matrix(:,:,7) =

   11.5841    0.3506   13.4203    1.3710    4.2376
   11.4628    0.3052   11.2258    1.2621    4.2242
   11.2987    0.3126   11.3059    0.9493    4.2327
   11.4451    0.3287   11.3185    0.9430    4.2443
   11.4145    0.3113   11.1551    0.9443    4.2358
   11.8135    0.3044   13.2299    0.9449    4.2479
   11.4589    0.3158   13.4847    0.9419    4.2393
   11.7782    0.3463   11.6899    0.9405    4.2710
   13.7111    0.3659   11.1079    0.9444    4.2988
   11.7176    0.3237   13.2357    0.9421    4.2327
   11.7033    0.3032   12.7252    0.9493    4.2486
   11.8373    0.3162   11.1853    0.9413    4.2348
   13.8594    0.3701   12.3586    0.9425    4.2472
   13.8169    0.3155   13.8795    0.9458    4.2623
   12.6354    0.3190   13.1522    0.9585    4.6758
   11.4864    0.3109   11.0398    0.9442    4.7865
   11.4491    0.3123   11.0359    0.9449    4.8573
   11.5665    0.3009   13.5651    0.9405    4.8165
   11.5532    0.3143   13.4758    0.9449    4.7715
   11.7068    0.3065   12.1402    0.9544    4.7729
   13.5248    0.3575   12.9070    0.9447    4.7573
   12.2208    0.3096   12.6666    0.9470    4.7703
   11.6905    0.3313   11.2702    0.9422    4.7732
   11.5016    0.3039   12.8430    0.9434    4.7834
   13.6080    0.3006   13.3840    0.9528    4.7700
   13.4986    0.3151   13.4516    0.9444    4.7716
   11.5578    0.3180   12.2301    0.9492    4.7634
   11.7398    0.3071   11.0632    0.9511    4.7897
   11.5529    0.3244   11.0554    0.9517    4.7766
   11.5397    0.3251   13.3372    0.9492    4.7889
   12.0752    0.3329   13.4885    0.9416    4.7932

   >> mean_time

mean_time(:,:,1) =

    0.0914    0.0189    0.0359    0.0381    0.1197


mean_time(:,:,2) =

    0.1713    0.0328    0.0996    0.0965    0.2178


mean_time(:,:,3) =

    0.2219    0.0368    0.1318    0.1198    0.2302


mean_time(:,:,4) =

    0.2443    0.0381    0.1677    0.1360    0.2404


mean_time(:,:,5) =

    0.8432    0.0837    0.7495    0.3376    1.2909


mean_time(:,:,6) =

    1.2061    0.0877    1.1198    0.3660    1.4636


mean_time(:,:,7) =

   12.0583    0.3212   12.3686    0.9699    4.5379


   -------------------------------------------------------------------
   >> error_matrix

error_matrix(:,:,1) =

   80.1667   55.0000   25.6667   51.0000   42.7143
   88.1667   50.6667   32.3333   50.5000   42.5000
   80.1667   56.0000   27.5000   45.8333   42.6429
   88.8333   54.3333   28.1667   41.0000   42.2857
   88.1667   54.0000   29.6667   41.8333   42.7857
   90.0000   50.8333   26.0000   50.5000   42.8571
   87.8333   52.6667   28.1667   41.5000   42.6429
   80.1667   53.6667   25.5000   46.0000   42.6429
   90.0000   55.5000   27.0000   41.3333   42.7143
   80.0000   57.1667   23.3333   41.0000   42.5714
   90.0000   52.1667   28.8333   42.5000   42.7143
   86.3333   53.6667   26.1667   50.5000   42.5000
   80.6667   55.8333   28.8333   41.1667   42.6429
   87.3333   55.3333   25.5000   45.5000   42.5714
   88.5000   54.6667   26.6667   50.8333   42.2857
   89.8333   55.6667   27.8333   43.5000   42.5714
   89.3333   51.1667   27.1667   41.0000   42.6429
   88.8333   53.8333   25.8333   49.8333   42.6429
   89.0000   51.8333   28.1667   42.1667   42.4286
   86.3333   58.5000   27.6667   47.1667   42.3571
   86.6667   54.0000   26.6667   51.3333   42.5714
   87.5000   53.3333   26.3333   42.3333   42.5000
   88.5000   52.1667   25.8333   47.5000   42.5714
   86.3333   56.5000   28.6667   42.1667   42.7857
   82.0000   52.5000   26.5000   44.0000   42.6429
   88.8333   55.3333   26.1667   51.1667   42.5714
   86.5000   52.1667   25.3333   50.3333   42.4286
   88.8333   54.8333   24.0000   42.3333   42.7143
   89.8333   52.5000   26.5000   45.3333   42.5714
   89.1667   54.3333   28.6667   50.6667   42.5714
   89.3333   54.8333   27.0000   41.3333   42.6429


error_matrix(:,:,2) =

   17.5000   30.5000   19.8333   25.1667   42.5000
   20.5000   29.0000   21.3333   28.6667   42.6429
   18.1667   28.0000   19.5000   26.0000   42.7857
   19.1667   28.3333   19.3333   26.6667   42.7143
   20.8333   27.8333   20.5000   26.6667   42.5714
   20.6667   27.5000   18.8333   25.6667   42.7143
   19.1667   27.1667   20.6667   25.8333   42.4286
   20.1667   29.0000   19.3333   27.1667   42.5714
   17.8333   29.1667   19.8333   23.8333   42.6429
   21.8333   28.8333   21.5000   25.8333   42.7857
   19.5000   27.1667   20.3333   26.1667   42.5714
   21.3333   27.6667   21.5000   30.0000   42.8571
   20.6667   29.0000   20.1667   26.6667   42.7143
   18.0000   31.3333   18.6667   26.3333   42.4286
   19.1667   28.1667   19.8333   27.0000   42.7857
   19.0000   30.0000   18.5000   25.6667   42.4286
   21.6667   30.0000   20.5000   26.0000   42.7143
   19.5000   30.5000   20.3333   28.0000   42.5000
   22.6667   28.8333   20.1667   24.5000   42.5714
   18.8333   30.1667   18.0000   24.3333   42.6429
   19.0000   28.1667   21.3333   25.0000   42.6429
   21.0000   28.0000   20.6667   25.8333   42.5714
   19.3333   29.8333   19.5000   27.3333   42.7857
   19.5000   28.8333   18.0000   26.3333   42.7143
   19.1667   30.0000   18.3333   26.5000   42.6429
   20.0000   29.3333   20.8333   25.8333   42.7857
   19.3333   31.6667   19.5000   24.6667   42.7143
   20.5000   29.5000   20.5000   29.6667   42.7857
   21.1667   28.3333   19.6667   26.5000   42.6429
   19.5000   31.1667   22.1667   25.6667   42.7143
   20.8333   28.6667   20.1667   28.0000   42.5714


error_matrix(:,:,3) =

    4.0000    8.3333    6.3333    6.1667   42.5000
    4.6667   10.5000    5.6667    8.3333   42.5714
    4.0000   10.0000    4.6667    4.8333   42.5714
    3.1667    9.1667    4.8333    8.0000   42.5714
    4.8333    8.5000    5.5000    8.0000   42.7857
    2.5000    7.3333    5.8333    7.0000   42.6429
    3.5000    9.0000    5.8333    7.1667   42.6429
    4.3333    8.5000    3.8333    7.0000   42.6429
    3.5000    8.1667    4.8333    8.0000   42.5000
    3.5000    8.1667    5.0000    7.8333   42.5714
    3.1667    8.8333    5.0000    7.1667   42.7857
    5.5000    7.8333    4.0000    6.8333   42.4286
    4.1667    9.3333    4.0000    7.0000   42.6429
    4.5000    8.8333    2.5000    8.0000   42.7143
    4.3333    8.0000    3.3333    6.1667   42.7143
    4.3333    7.3333    5.0000    8.3333   42.7143
    4.6667    7.5000    3.5000    8.1667   42.7857
    3.8333    7.5000    5.0000    7.1667   42.8571
    5.6667    7.8333    6.1667   10.3333   42.5714
    3.5000    7.8333    4.3333    6.5000   42.7143
    4.1667    8.1667    5.0000    5.6667   42.6429
    4.0000    8.8333    4.8333    6.1667   42.7143
    4.6667    8.6667    5.6667    6.5000   42.8571
    4.0000    8.1667    5.0000    7.0000   42.6429
    3.3333   10.0000    5.5000    6.8333   42.7143
    2.6667    7.5000    3.6667    7.6667   42.5000
    4.1667    9.1667    4.1667    6.8333   42.8571
    6.0000    8.1667    4.0000    8.6667   42.7143
    4.5000    9.5000    3.8333    8.3333   42.5714
    2.8333    9.5000    5.5000    8.0000   42.5000
    5.0000    7.1667    3.8333    6.5000   42.5000


error_matrix(:,:,4) =

   20.3333   21.3333   21.3333   90.0000   42.7143
   18.1667   22.8333   21.1667   90.0000   42.7143
   16.8333   22.8333   21.8333   90.0000   42.7143
   19.5000   21.8333   20.5000   90.0000   42.8571
   21.0000   22.6667   22.8333   90.0000   42.7857
   20.0000   22.5000   23.5000   90.0000   42.5714
   19.6667   23.1667   22.3333   90.0000   42.7143
   20.6667   20.5000   25.1667   90.0000   42.8571
   19.0000   25.3333   24.0000   90.0000   42.8571
   17.6667   22.8333   22.3333   90.0000   42.7857
   21.1667   22.5000   26.0000   90.0000   42.8571
   19.1667   20.3333   23.6667   90.0000   42.7857
   20.5000   24.3333   22.5000   90.0000   42.7143
   22.6667   23.8333   24.0000   90.0000   42.7143
   21.1667   20.8333   23.1667   90.0000   42.7857
   21.0000   23.8333   24.1667   90.0000   42.8571
   20.0000   24.3333   21.0000   90.0000   42.8571
   18.6667   21.3333   21.1667   90.0000   42.6429
   19.3333   21.1667   23.6667   90.0000   42.4286
   20.6667   22.3333   21.6667   90.0000   42.6429
   18.0000   21.8333   24.3333   90.0000   42.7857
   18.5000   22.1667   20.3333   90.0000   42.8571
   19.0000   21.3333   20.0000   90.0000   42.8571
   18.0000   21.6667   22.3333   90.0000   42.7143
   19.1667   22.3333   27.0000   90.0000   42.8571
   19.1667   22.8333   22.0000   90.0000   42.7857
   21.0000   22.3333   19.5000   90.0000   42.5714
   19.6667   22.0000   25.0000   90.0000   42.6429
   20.1667   23.0000   27.0000   90.0000   42.7857
   20.0000   22.3333   22.8333   90.0000   42.7857
   19.1667   24.1667   23.6667   90.0000   42.8571


error_matrix(:,:,5) =

   14.0000   17.0000    7.1667   90.0000   42.7143
   14.8333   16.3333    5.1667   90.0000   42.5000
   13.6667   18.5000    5.1667   90.0000   42.7143
   15.6667   15.3333    3.1667   90.0000   42.5714
   18.0000   15.5000    5.5000   90.0000   42.5000
   18.8333   15.6667    6.0000   90.0000   42.5714
   17.8333   18.1667    5.0000   90.0000   42.5714
   17.6667   18.6667    5.3333   90.0000   42.7857
   16.5000   20.1667    4.6667   90.0000   42.5714
   15.3333   17.5000    5.1667   90.0000   42.5000
   15.1667   18.8333    6.0000   90.0000   42.7143
   13.0000   17.6667    5.3333   90.0000   42.6429
   13.5000   15.1667    7.8333   90.0000   42.6429
   15.0000   20.3333    6.1667   90.0000   42.3571
   13.5000   18.0000    4.5000   90.0000   42.6429
   18.0000   21.0000    5.8333   90.0000   42.5714
   14.5000   17.5000    4.5000   90.0000   42.5000
   14.0000   15.5000    5.1667   90.0000   42.7143
   16.5000   18.0000    5.5000   90.0000   42.7143
   16.6667   16.8333    6.1667   90.0000   42.7143
   15.1667   16.6667    5.1667   90.0000   42.4286
   12.5000   16.1667    5.8333   90.0000   42.5000
   16.6667   17.3333    7.1667   90.0000   42.5000
   13.8333   15.0000    6.6667   90.0000   42.7143
   14.1667   14.5000    5.8333   90.0000   42.5000
   17.6667   16.8333    6.1667   90.0000   42.5714
   12.0000   18.1667    4.1667   90.0000   42.7143
   16.3333   16.6667    4.8333   90.0000   42.6429
   18.5000   19.3333    5.6667   90.0000   42.5714
   15.1667   15.3333    6.1667   90.0000   42.3571
   17.6667   17.1667    6.6667   90.0000   42.6429


error_matrix(:,:,6) =

   75.6667    8.3333    8.5000    7.5000   42.7143
   82.1667    8.8333    9.1667    6.5000   42.5714
   78.6667    8.1667    8.6667    8.1667   42.5714
   76.3333    8.0000   10.1667    7.5000   42.7143
   79.0000    6.8333   10.8333    5.8333   42.7857
   75.0000    8.8333    9.6667    7.1667   42.6429
   81.1667    8.1667   10.0000    8.0000   42.5000
   80.6667    9.6667   11.5000    7.1667   42.6429
   78.1667    6.0000    7.8333    7.6667   42.5000
   77.8333    9.1667    8.6667    7.1667   42.6429
   74.6667   10.3333    7.3333    7.0000   42.4286
   83.6667    9.1667   10.5000    7.1667   42.5714
   76.0000    9.8333    7.6667    8.8333   42.7143
   77.3333    8.0000   10.0000    5.8333   42.5714
   79.3333    7.0000    9.1667    7.1667   42.5714
   82.0000    7.0000    8.8333    5.8333   42.5714
   72.6667    8.8333    8.8333    8.1667   42.6429
   80.3333    8.3333   12.5000    7.3333   42.5714
   73.6667    7.8333   12.0000    6.1667   42.7143
   74.3333    9.5000    9.5000    6.8333   42.8571
   73.6667    7.5000    8.6667    6.6667   42.5000
   76.6667    8.6667   10.3333    8.0000   42.6429
   83.5000   10.0000    7.8333    6.6667   42.6429
   76.8333    7.1667   12.6667    6.1667   42.8571
   79.1667    8.8333   10.3333    6.1667   42.6429
   74.1667    7.1667    9.3333    7.6667   42.6429
   75.6667    7.8333   13.1667    7.0000   42.5714
   79.3333    8.5000    8.5000    6.1667   42.5714
   75.8333    8.8333    9.3333    6.8333   42.7857
   75.0000    8.3333    9.1667    4.3333   42.5714
   76.1667    9.0000    7.8333    7.8333   42.7143


error_matrix(:,:,7) =

   16.0000   25.1667    2.3333   90.0000   42.5714
   18.5000   26.8333    2.3333   90.0000   42.4286
   13.8333   28.0000    2.3333   90.0000   42.7143
   13.6667   26.8333    3.0000   90.0000   42.2857
   15.6667   27.0000    4.0000   90.0000   42.5000
   11.0000   26.5000    3.0000   90.0000   42.5000
   13.6667   27.0000    2.8333   90.0000   42.4286
   14.0000   27.0000    2.1667   90.0000   42.3571
   14.8333   25.5000    4.0000   90.0000   42.7857
   15.5000   28.6667    2.0000   90.0000   42.6429
   13.5000   27.1667    2.5000   90.0000   42.5714
   15.5000   26.6667    2.6667   90.0000   42.4286
   14.3333   28.5000    4.0000   90.0000   42.7143
   15.5000   28.3333    2.3333   90.0000   42.7857
   15.5000   27.5000    1.6667   90.0000   42.7857
   15.3333   26.3333    2.8333   90.0000   42.3571
   15.5000   25.8333    2.6667   90.0000   42.5714
   16.5000   27.0000    3.0000   90.0000   42.5000
   13.0000   26.6667    3.3333   90.0000   42.5000
   14.8333   26.3333    2.8333   90.0000   42.6429
   15.8333   28.6667    3.1667   90.0000   42.7143
   18.0000   25.1667    2.8333   90.0000   42.7143
   15.6667   26.6667    2.3333   90.0000   42.5714
   15.8333   28.3333    2.1667   90.0000   42.5000
   12.0000   26.1667    3.1667   90.0000   42.2143
   14.8333   26.8333    2.3333   90.0000   42.3571
   15.6667   27.8333    1.8333   90.0000   42.7143
   12.8333   29.1667    2.5000   90.0000   42.4286
   13.1667   28.3333    3.8333   90.0000   42.5000
   13.5000   26.6667    2.5000   90.0000   42.5714
   14.3333   26.6667    2.0000   90.0000   42.5714


mean_error =

   86.8763   19.8548    4.0968   19.6452   15.5430   77.5699   14.7688
   54.0323   29.0860    8.4946   22.4731   17.2527    8.3763   27.0753
   27.0215   19.9785    4.7151   22.9032    5.6022    9.6290    2.7258
   45.5860   26.3710    7.2957   90.0000   90.0000    6.9839   90.0000
   42.5899   42.6498   42.6498   42.7535   42.5922   42.6336   42.5461